   9.9449794e-01   2.8489088e+00
   9.6698762e-01   2.8571973e+00
   9.4085282e-01   2.8664468e+00
   9.1334250e-01   2.8804007e+00
   8.9270977e-01   2.8895461e+00
   8.6795048e-01   2.8974991e+00
   8.4731774e-01   2.9038837e+00
   8.0055021e-01   2.9174880e+00
   7.4415406e-01   2.9319328e+00
   6.8638239e-01   2.9438028e+00
   6.4511692e-01   2.9517060e+00
   5.8321871e-01   2.9634576e+00
   5.1169188e-01   2.9758514e+00
   4.1265475e-01   2.9858727e+00
   2.9848693e-01   2.9983654e+00
   1.5818432e-01   3.0125344e+00
   0.0000000e+00   3.0293542e+00
